left_elbow = 172.58581307490184
right_elbow = 176.6622442948148
left_shoulder = 14.08739854104812
right_shoulder = 14.7022921489351
left_knee = 178.34580208011897
right_knee = 179.1077412877138
----------
